example/CMTC.asc
ncols 256
nrows 256
xllcorner 0
yllcorner 0
cellsize 1
NODATA_value -9999
[rows 110 to 131 of 256, columns 147 to 195 of 256]
0.6811128419715715 0.6798464858414993 0.6884937063896734 0.6932182228399301 0.6926724684222058 0.6918282310021575 0.6944845789700025 0.6936403415499544 0.6906855105797857 0.6924464095406593 0.6911800534105871 0.6894403669835676 0.6945570030907796 0.700146969494939 0.6955760878054512 0.6964715368124225 0.702483621926606 0.7022151379773511 0.7036051298151237 0.704922697532119 0.7066111723722154 0.7079587391422798 0.7079587391422798 0.7101205442793233 0.7129517395417916 0.7079587391422798 0.7116853834117195 0.7153608160942359 0.7109647816993716 0.7089266122700284 0.7104914514024244 0.7135487055464392 0.7164311123958306 0.723215010809285 0.7267968068371701 0.7280331639141733 0.7321607143597827 0.7361858416315461 0.7380791628193345 0.7311716286981799 0.7335082811298469 0.7353203916776436 0.7367103835154162 0.7396440019517305 -9999.0 0.7382027985270351 0.7382027985270351 -9999.0 -9999.0
0.6763671129874604 0.6825540453962672 0.6845197907048333 0.6912524775313644 0.6926724684222058 0.6932182228399302 0.6918282310021575 0.6952051806823504 0.6952051806823504 0.6906855105797857 0.6908815704082634 0.6894403669835676 0.6965439609331998 0.6945570030907796 0.6945570030907796 0.6961218422231756 0.6964715368124225 0.7007439354995864 0.7003218167895625 0.7075278339130409 0.7105850880570556 0.7122311378294437 0.7131265868364148 0.7118602307063427 0.7101205442793234 0.7079587391422798 0.7128793154210145 0.7122823494163669 0.7122823494163669 0.7116853834117195 0.7089266122700284 0.7169044426927778 0.7177486801128259 0.716605959690454 0.720929569964541 0.723236223343139 0.7273125622018254 0.7276110452041492 0.73422009632298 0.7367615951023393 0.73117162869818 0.7326128321228756 0.7356188746799672 0.7386249172370589 0.7344249426706724 -9999.0 -9999.0 0.7382027985270351 -9999.0
0.6796716385468758 0.6763671129874604 0.6805158759669241 0.6864555369603302 0.6949066976800267 0.6918282310021575 0.6929197398376065 0.694710637851549 0.6961006296893216 0.6906855105797857 0.6921479265383356 0.6894403669835676 0.6961518412762446 0.699827273958761 0.6950303333877268 0.6945570030907796 0.6962454779308761 0.6962454779308761 0.7000233337872386 0.7086705543354127 0.7105850880570556 0.7122311378294437 0.7131265868364148 0.7154120276811589 0.7153608160942357 0.7121075021217436 0.7079587391422799 0.7092250952723521 0.7106662986970479 0.7149386973842118 0.7089266122700284 0.7143929429664874 0.7130029511287148 0.7202089682521933 0.7250783329440045 0.7215477485030427 0.7301949690512168 0.7307195109350871 0.7276110452041492 0.7332010116083085 0.7358149345084449 0.7302249681042856 0.7287837646795899 0.730348603811986 0.7328601035382764 -9999.0 -9999.0 0.7357425103876677 0.7392218832417067
0.6830785872801376 0.6781067994144798 0.6763671129874604 0.6808655705561709 0.689512791104345 0.6902846044036158 0.6902846044036158 0.6957509351000749 0.689141883981244 0.689141883981244 0.6884212822688962 0.689986121401292 0.6948554860931035 0.6962754769839449 0.6959982065154753 0.6945570030907796 0.6973157742324706 0.6948554860931037 0.6995287909564375 0.7066835964929928 0.7125508333656217 0.7116553843586503 0.7122311378294437 0.7156592990965595 0.7154120276811587 0.7120562905348204 0.7113869004093957 0.7079587391422799 0.7107899344047481 0.7079587391422799 0.7116853834117195 0.7089266122700284 0.7146914259688112 0.7170280784004781 0.7214241127953424 0.7214241127953424 0.722865316220038 0.725201968651705 0.7319858670651593 0.7276110452041492 0.7286301299188208 0.7287837646795898 0.7308943582297104 0.7287837646795899 0.734672214086073 0.7345485783783727 0.7374309852277641 0.7328601035382764 0.7337043409583245
0.6809892062638713 0.6789510368345281 0.6763671129874604 0.6821319266862431 0.6866303842549536 0.6910564177028868 0.6913549007052106 0.6872785618465241 0.6878243162642487 0.6878243162642487 0.6878243162642487 0.6914273248259879 0.6888434009789203 0.6960494181023987 0.7012172657965338 0.6955248762185282 0.6945570030907797 0.693414282668408 0.6996012150772148 0.7015157487988577 0.7030593753973994 0.7073317740845634 0.7108623585255253 0.7122311378294437 0.7145890027949651 0.7099669095185542 0.7123035619502213 0.714269307258787 0.7079587391422799 0.711088417407072 0.7079587391422799 0.7094723666877528 0.7109135701124485 0.7202089682521933 0.7242853071108796 0.7214241127953424 0.7235134938116086 0.723215010809285 0.725973781950976 0.7276110452041492 0.7333758589029319 0.7348682739145507 0.7328088919513531 0.7289074003872903 0.7287837646795899 0.7287837646795899 0.7287837646795899 0.7317898072366816 0.7347958497937733
0.6800425456699768 0.6835731301109388 0.6763671129874604 0.6791258841291514 0.6808655705561709 0.6838504005794084 0.6865579601341764 0.6875770448488479 0.6872785618465241 0.6890182482735436 0.687947951971949 0.6856625111272051 0.6860846298372293 0.6888434009789203 0.6908303588213404 0.6912524775313644 0.6901609686959156 0.6965439609332 0.693414282668408 0.6952776048031277 0.7001257569610849 0.7006715113788093 0.7045217913559493 0.7089478248038825 0.7059417822467909 0.7059417822467909 0.7079799516761341 0.7082272230915349 0.7120050789478974 0.715092332144981 0.7116853834117195 0.7079587391422799 0.7102441799870237 0.7167295953981544 0.7169556542797009 0.7214241127953424 0.7231637992223618 0.723215010809285 0.7239868241085559 0.7271165023733479 0.7323355616544063 0.7348682739145507 0.7389746118263059 0.7323867732413292 0.7301013323965854 0.7367103835154162 0.7329837392459767 0.7287837646795899 0.7293295190973144
0.6745762149735178 0.6789510368345281 0.6763671129874604 0.6798464858414993 0.6808655705561709 0.6873297734334473 0.6838504005794084 0.6894403669835677 0.6893167312758673 0.6872785618465241 0.6836243416978619 0.6876494689696252 0.6859097825426058 0.6836243416978619 0.6836243416978619 0.6840464604078861 0.6898112741066688 0.6978615286501954 0.6971409269378475 0.693414282668408 0.697789104529418 0.697789104529418 0.6987569776571666 0.7035027066412777 0.7016181719727039 0.7018654433881045 0.7038524012305247 0.7058905706598679 0.71339507078567 0.7168744436397089 0.7176250444051256 0.7131265868364152 0.7079587391422799 0.708802976562328 0.7174501971105022 0.7262210533663768 0.7214241127953424 0.7284340700903432 0.723215010809285 0.7239868241085559 0.7302973922250631 0.7308431466427877 0.7399849100217631 0.7348470613806967 0.7341264596683487 0.7345485783783727 0.7345485783783727 0.729205883389614 0.7287837646795899
0.6728365285464984 0.6745762149735178 0.6771601388205855 0.6748746979758417 0.68208071509932 0.6880503751457951 0.6861358414241524 0.6838504005794084 0.6884212822688961 0.6836243416978619 0.6877731046773256 0.6836243416978619 0.6836243416978619 0.6873509859673015 0.6898112741066688 0.6836243416978619 0.6865067485472534 0.6908303588213404 0.6959982065154756 0.693414282668408 0.7000021212533846 0.697789104529418 0.6979639518240415 0.6987569776571666 0.7034302825205005 0.7016181719727039 0.7018654433881046 0.7064875366645155 0.7102653925208781 0.7127981047810225 0.7117065959455737 0.7117365949986426 0.7079587391422799 0.7075578329661103 0.7128281038340916 0.7175738328182026 0.7175950453520569 0.7240592482293332 0.7221447145076904 0.723215010809285 0.7226904689254149 0.7284552826241977 0.7298964860488933 0.7296492146334927 0.7313676885266578 0.7336019177844786 0.7355676630930443 0.7358149345084449 0.7287837646795899
0.6739792489688703 0.6728365285464984 0.6728365285464984 0.6786013422452811 0.6789510368345281 0.6836243416978619 0.6836243416978619 0.686754019962654 0.6836243416978619 0.684519790704833 0.6848182737071569 0.6851167567094807 0.6904082401113163 0.6854876638325818 0.6854876638325818 0.6836243416978619 0.6893891553966447 0.6938876129653551 0.69455700309078 0.693414282668408 0.6983136464132882 0.697789104529418 0.6979639518240415 0.7019378675088817 0.6987569776571666 0.7055920876575442 0.701618171972704 0.7030593753973997 0.7070332910822399 0.7070332910822399 0.7075578329661102 0.7080523757969115 0.7063639009568152 0.7046754261167189 0.7075578329661103 0.7118302316532742 0.7118302316532742 0.7154332402150134 0.7208995709114724 0.7206522994960717 0.7258201471902069 0.7288049772134444 0.7255728757748063 0.731337689473589 0.7342500953760491 0.7313676885266578 0.7341988837891261 0.7344249426706725 0.7287837646795899
0.6760174183982135 0.6757189353958898 0.6728365285464984 0.6774586218229092 0.6808143589692478 0.6847158505333107 0.6902333928166928 0.6836243416978619 0.6866303842549536 0.6862594771318525 0.684519790704833 0.691128841823664 0.6932694344268534 0.6881227992665724 0.6878243162642487 0.6836243416978619 0.689512791104345 0.6926936809560601 0.6926936809560601 0.6926936809560601 0.6949066976800267 0.6949066976800267 0.6969448671093699 0.6986845535363893 0.6987569776571666 0.7000745453741619 0.7013196889703801 0.7034090699866464 0.7030593753973996 0.7029357396896995 0.706713595546062 0.6994051552487375 0.7005990872580324 0.7063639009568152 0.7062402652491148 0.7109859942332261 0.7109859942332261 0.7123035619502214 0.7166995963450856 0.71764625693898 0.7186141300667285 0.7214965369161199 0.7315849608889897 0.730966782350488 0.730966782350488 0.730966782350488 0.730966782350488 0.72878376467959 0.7301737565173626
0.6790234609553052 0.6763159014005373 0.6728365285464984 0.6745762149735178 0.6800425456699768 0.6800425456699768 0.6859097825426058 0.6837991889924853 0.6844685791179099 0.6890906723943208 0.6909539945290406 0.684519790704833 0.6893891553966446 0.6920967149514126 0.6836243416978619 0.686754019962654 0.6836243416978619 0.6886685536842968 0.6926936809560601 0.6923951979537364 0.6973669858193939 0.698880613364867 0.6949066976800267 0.6944845789700025 0.6976142572347945 0.7000745453741619 0.7055196635367669 0.7011448416757569 0.6977166804086411 0.6977166804086411 0.6988081892440899 0.696522748399346 0.7037287655228245 0.7086493418015589 0.7062402652491148 0.7094211551008298 0.7110584183540032 0.7094935792216073 0.7094935792216073 0.7124996217786989 0.7206010879091486 0.7237819777608637 0.7267155961971781 0.7296492146334925 0.7325828330698069 0.7325828330698069 0.7334782820767782 0.7317898072366817 0.72878376467959
0.6797440626676531 0.6769128674051849 0.6741028846765706 0.6728365285464984 0.6742777319711941 0.6757189353958898 0.6786013422452811 0.6822555623939434 0.6822555623939434 0.6844685791179099 0.6850143335356345 0.688792189391997 0.683696765818639 0.6870525029649777 0.6873509859673015 0.6836243416978619 0.689512791104345 0.6851891808302579 0.6851891808302579 0.6851891808302579 0.6906555115267169 0.6909539945290407 0.691077630236741 0.6925700452483596 0.6914273248259877 0.6944333673830796 0.6964715368124228 0.695380027976974 0.7001257569610853 0.6974181974063174 0.6944845789700028 0.7016905960934813 0.7044493672351722 0.7040996726459254 0.7049226975321193 0.7040996726459254 0.7038524012305248 0.7110584183540032 0.709792062223931 0.7094935792216073 0.712550833365622 0.7165759606373853 0.7194583674867767 0.7240292491762644 0.7296492146334925 0.7303486038119862 0.7320370786520825 0.7322119259467059 0.7290822476819138
0.6838928256471167 0.6814837490946725 0.6728365285464984 0.6780555878275567 0.6769128674051849 0.6829249525193682 0.6796716385468758 0.6823791981016438 0.6838716131132625 0.6822555623939434 0.6822555623939434 0.6822555623939434 0.6822555623939434 0.6822555623939434 0.6835219185240157 0.6836243416978619 0.6869288672572772 0.6884937063896733 0.693516705842254 0.6889670366866206 0.6851891808302579 0.6851891808302579 0.6853128165379583 0.6887921893919972 0.6916233846544654 0.6886685536842968 0.6892655196889443 0.6949066976800269 0.6914785364129111 0.6959257823946985 0.6930433755453071 0.6988081892440899 0.6997760623718384 0.6997760623718384 0.6997760623718384 0.6997760623718384 0.7032042236389542 0.7095147917554613 0.7110584183540032 0.7094935792216073 0.7160302062196608 0.716030206219661 0.7189126130690523 0.7194583674867767 0.7267155961971782 0.731862231357459 0.7303486038119862 0.7305446636404638 0.7305446636404638
0.6804646643800009 0.6771601388205855 0.6728365285464984 0.6800425456699768 0.6797440626676532 0.6802686045515234 0.6811852660923489 0.6796716385468758 0.6832022229878377 0.6873509859673013 0.6894615795174218 0.6892355206358753 0.6853340290718124 0.6854364522456586 0.6822555623939435 0.6836243416978619 0.6886685536842967 0.6856837236610591 0.6882676475081267 0.6871761386726779 0.6884937063896733 0.6889670366866205 0.6851891808302579 0.6857861468349055 0.6881952233873496 0.6872273502596011 0.6886685536842968 0.6904594516982395 0.6910052061159639 0.6910052061159639 0.6976142572347949 0.7024624093927521 0.7066111723722158 0.7069820794953168 0.7046754261167187 0.703924825351302 0.6997760623718384 0.7032042236389542 0.7038524012305248 0.7099156979316313 0.7134462823725933 0.716030206219661 0.7177186810597572 0.7177186810597572 0.7263659016079314 0.730668299348164 0.7300501208096624 0.7303486038119862 0.7308431466427875
0.6823791981016438 0.6786013422452811 0.6728365285464984 0.6786013422452811 0.6787249779529816 0.683172223934769 0.6796716385468758 0.6841188845286632 0.68831885909505 0.6876494689696251 0.692642469369137 0.6892355206358753 0.6870225039119087 0.6849119103617883 0.6867028083757308 0.6822555623939435 0.6841188845286632 0.6884424948027503 0.6839440372340397 0.6839440372340397 0.6839440372340397 0.6839440372340397 0.6888646135127744 0.6851891808302579 0.6851891808302579 0.6899349098143691 0.6946082146777031 0.6923227738329593 0.6904594516982395 0.6919006551229352 0.6910052061159639 0.6952051806823507 0.6978915277032645 0.7068884428406853 0.707084502669163 0.7042020958197717 0.7032042236389542 0.6997760623718384 0.7040272485251482 0.7057157233652446 0.7149086983311431 0.7202301807860476 0.7196332147814001 0.7177186810597572 0.7206010879091486 0.7234622822246857 0.7264683247817774 0.7264683247817774 0.7263446890740771
0.6784777065375808 0.6755952996881894 0.6728365285464984 0.6788486136606818 0.6787249779529816 0.680464664380001 0.6796716385468758 0.6830273756932145 0.6868264440834313 0.6872997743803784 0.6872997743803783 0.6928897407845377 0.6883912832158272 0.686353113786484 0.6838928256471167 0.6870012913780545 0.6822555623939435 0.6826776811039675 0.6853852406587355 0.6912524775313643 0.6897088509328224 0.6872485627934553 0.6839440372340398 0.6850867576564117 0.6848394862410111 0.6849631219487115 0.6882676475081269 0.6925188336614367 0.6953288163900511 0.6904594516982395 0.6904594516982395 0.691777019415235 0.6953800279769741 0.7028333165158532 0.7042020958197716 0.7054172403629209 0.7036051298151241 0.6997760623718384 0.7024111978058292 0.7040272485251482 0.7088966132169597 0.7140432483772408 0.7183668586513278 0.7177186810597572 0.7229377403408156 0.7234622822246857 0.725973781950976 0.7296492146334925 0.7234622822246857
0.680886783090025 0.676563172815938 0.6752456050989426 0.6728365285464984 0.6755952996881894 0.6758425711035901 0.6811852660923488 0.6813089018000491 0.6796204269599528 0.6868264440834313 0.6895340036381991 0.6872997743803784 0.6910264186498178 0.6910988427705951 0.6838928256471167 0.6893591563435757 0.6884424948027503 0.6822555623939435 0.6828013168116679 0.6843661559440639 0.6897088509328225 0.6885661305104506 0.685210393364112 0.6839440372340398 0.6842425202363636 0.6842425202363636 0.6843661559440639 0.6901309696428466 0.6984072830679199 0.693815188844578 0.6904594516982395 0.6916533837075346 0.6919518667098583 0.696522748399346 0.703553918228201 0.7052211805344432 0.7062402652491149 0.6997760623718384 0.6997760623718384 0.7066835964929931 0.7018142318011816 0.7061378420752686 0.7119026557740514 0.7167295953981544 0.7260249935378991 0.726745595250247 0.7234622822246857 0.7234622822246857 0.7287537656265213
0.6794455796653294 0.676563172815938 0.6742777319711941 0.6728365285464984 0.6790234609553052 0.6757189353958898 0.6754204523935661 0.6755440881012664 0.6827501052247449 0.6864555369603301 0.6871249270857548 0.6872485627934553 0.6872485627934553 0.687969164505803 0.6890606733412519 0.6838928256471167 0.6894615795174218 0.6822555623939435 0.6829761641062913 0.6828013168116679 0.6849119103617883 0.6849119103617883 0.6849119103617883 0.6839440372340398 0.685210393364112 0.6877218930904024 0.6842425202363636 0.6875982573827021 0.6945057915038569 0.6945057915038569 0.6904594516982395 0.6975418331140176 0.6930945871322303 0.6919518667098584 0.696100629689322 0.7001045444272311 0.7003518158426318 0.7039548244043711 0.7019378675088819 0.6997760623718384 0.7026584692212298 0.7079287400892113 0.7156892981496286 0.715041120558058 0.720878358377618 0.7235647053985318 0.7237607652270094 0.725201968651705 0.725551663240952
0.6816585963892959 0.6791983082499287 0.6748746979758417 0.6797440626676531 0.6728365285464984 0.6728365285464984 0.674226520384271 0.674226520384271 0.6799913340830538 0.6833470712293923 0.6867540199626538 0.689883698227446 0.6888134019258513 0.6867752324965081 0.6838928256471167 0.6886685536842967 0.6835731301109388 0.6845922148256104 0.6822555623939435 0.6828013168116679 0.6830997998139916 0.6901309696428466 0.6886173420973737 0.6849119103617883 0.6839440372340398 0.6894103679304988 0.6842425202363636 0.691448537359842 0.6987569776571666 0.6976142572347948 0.6904594516982395 0.6952051806823507 0.6959257823946985 0.6950815449746502 0.6919518667098584 0.6978403161163415 0.7021939254434973 0.7038824002835937 0.6997760623718384 0.7021127148035053 0.705890570659868 0.7108923575785944 0.7130541627156379 0.7143505178987792 0.7160089936858066 0.7163074766881302 0.7197356379552461 0.7206310869622173 0.7203838155468167
0.6886685536842968 0.6830273756932145 0.6791983082499287 0.6789510368345281 0.6755952996881894 0.675420452393566 0.6728365285464984 0.674226520384271 0.6767380201105614 0.6820295035123969 0.6820295035123969 0.6853852406587355 0.6875982573827021 0.6880928002135034 0.6838928256471167 0.685611299540282 0.6835731301109388 0.6845922148256103 0.6822555623939435 0.6865791726680304 0.6828013168116679 0.6840676729417401 0.6850355460694886 0.6849119103617883 0.6839440372340398 0.689111884928175 0.6842425202363636 0.691448537359842 0.6991278847802676 0.6986121294156123 0.6966463841070464 0.6904594516982395 0.6920242908306355 0.69257004524836 0.693341858547631 0.6919518667098584 0.6947106378515494 0.6958533582739214 0.6962754769839454 0.7021427138565743 0.7096172149293075 0.7120350780009663 0.7082360096107496 0.7112420521678413 0.7156892981496288 0.7200853325444929 0.7163074766881303 0.7163074766881303 0.7204562396675941
0.6983136464132883 0.6893891553966447 0.6849631219487115 0.6842937318232865 0.6801661813776769 0.6803410286723006 0.6733822829642229 0.6728365285464984 0.6780043762406336 0.6799189099622766 0.6833982828163154 0.6796204269599527 0.6796204269599527 0.6796204269599527 0.6799701215491997 0.6826564685701133 0.6872785618465241 0.6803198161384463 0.6815137481477413 0.6858073593687596 0.683995248820963 0.6828013168116679 0.6846646389463876 0.6839440372340398 0.6870012913780545 0.6849631219487115 0.6842425202363636 0.6914997489467651 0.6934142826684079 0.69455700309078 0.6944845789700028 0.6907579347005633 0.6904594516982395 0.6920242908306355 0.6921479265383359 0.6921479265383359 0.6919518667098584 0.6919518667098584 0.6919518667098584 0.6966975956939695 0.7001045444272311 0.7073105615507096 0.7084832810261503 0.7082360096107496 0.7098008487431456 0.7120862895878896 0.7163374757411993 0.7179959515282267 0.7163074766881304
0.6940412477261242 0.6944121548492252 0.6916958087752425 0.6859309950764597 0.6801661813776769 0.6846646389463876 0.6796204269599527 0.6765631728159379 0.6728365285464984 0.6728365285464984 0.6758425711035901 0.6769128674051849 0.6800425456699768 0.67385561326117 0.6796204269599527 0.6862082655449294 0.6793007314237748 0.6774374092890549 0.6820082909785428 0.6823067739808666 0.6843661559440639 0.6828013168116679 0.6833982828163154 0.6842425202363636 0.6839440372340398 0.6842425202363636 0.6868776556703543 0.687176138672678 0.6944333673830795 0.6935891299630315 0.6944845789700028 0.6946594262646263 0.6904594516982395 0.6910564177028871 0.6923739854198823 0.6966463841070463 0.6923739854198824 0.6948854851461729 0.6966975956939695 0.6919518667098584 0.6991578838333368 0.7071869258430092 0.715812933857329 0.7147214250218802 0.7082360096107496 0.7090802470307979 0.7129305270079378 0.7129305270079378 0.7132290100102615
