example/CMTC.asc
ncols 256
nrows 256
xllcorner 0
yllcorner 0
cellsize 1
NODATA_value -9999
[rows 176 to 197 of 256, columns 147 to 195 of 256]
0.7045217913559495 0.7101629693470318 0.7089478248038826 0.7144653670872647 0.7099669095185542 0.7116041727717275 0.7108111469386026 0.7108111469386026 0.7108111469386026 0.7051911814813743 0.7061590546091228 0.7039460378851562 0.7003218167895628 0.6959982065154758 0.6964203252254999 0.7036263423489784 0.6998996980795387 0.6982836473602196 0.690553088352871 0.6958321457400671 0.6931457987191533 0.6865367476003224 0.6856412985933511 0.6928473157168294 0.6978915277032643 0.6913336881713565 0.6969236545755159 0.6997848488910532 0.696603959039338 0.6976954678747869 0.6983648580002115 0.7003306033087776 0.704325731527472 0.6972945616986168 0.6934654942553311 0.6862594771318526 0.6833770702824613 0.682059502565466 0.6822555623939436 0.6810616303846486 0.6753480282727888 0.674205307850417 0.6763159014005374 0.6728365285464984 0.6755952996881897 0.6828525283985911 0.681607384802373 0.6784564940037268 0.6767168075767074
0.7092675203400607 0.7088966132169596 0.7088966132169596 0.7088966132169596 0.7108835710593798 0.7129005279548687 0.7126532565394681 0.7124784092448447 0.712179926242521 0.7112032665955577 0.7051911814813743 0.7041508842328486 0.7017630202142585 0.6959982065154758 0.6998996980795387 0.6996524266641381 0.6988294017779441 0.691747020362166 0.690553088352871 0.6925488327145057 0.6903146034566849 0.6865367476003224 0.6856412985933511 0.6929497388906757 0.6968000188678156 0.6951115440277192 0.6913336881713565 0.6996100015964297 0.696603959039338 0.6984672811740578 0.6962542644500912 0.7009999934342023 0.6996612131833528 0.6976954678747869 0.6983860705340657 0.6888434009789204 0.683624341697862 0.6840464604078861 0.682059502565466 0.6821831382731665 0.6776334691175327 0.674205307850417 0.6806395116746246 0.67770589323831 0.6728365285464986 0.6775822575306097 0.676912867405185 0.6767168075767075 0.6778083164121562
0.7071569267899402 0.7080523757969115 0.70902024892466 0.7088966132169596 0.7096172149293075 0.7147126385026654 0.7149386973842119 0.7117065959455737 0.7189126130690522 0.7171729266420328 0.7081247999176888 0.7009187827942104 0.698036375944819 0.6978615286501956 0.6959982065154758 0.6951027575085046 0.6922203506591131 0.6946294272115573 0.690553088352871 0.6943397307284482 0.6885749170296656 0.6902633918697618 0.6856412985933511 0.6903870275774622 0.6892443071550902 0.6892443071550902 0.6892443071550902 0.6955548752715975 0.6992603070071829 0.6946894253176953 0.7028633155689221 0.6962542644500912 0.699311518594106 0.6976954678747869 0.7006290863111012 0.6929709514245297 0.6899349098143692 0.6836243416978621 0.6823067739808667 0.6820595025654661 0.6823579855677898 0.6772113504075087 0.674205307850417 0.6766143844028613 0.6754204523935662 0.6728365285464986 0.6786013422452813 0.6812876892661951 0.6767168075767075
0.7123247744840755 0.7100905452262547 0.7080523757969115 0.70902024892466 0.7080523757969115 0.7080523757969115 0.7099156979316313 0.7101417568131778 0.7141668840849411 0.7162050535142843 0.7103166041078013 0.7041508842328486 0.702359986218906 0.7033790709335777 0.7032042236389543 0.7037499780566786 0.6973881983532484 0.6910264186498182 0.690553088352871 0.6912524775313647 0.6900585455220697 0.6916321711736804 0.6903870275774622 0.6856412985933511 0.6922503497121819 0.6941436708999706 0.6913336881713565 0.6892443071550903 0.6906130864590089 0.6978191035824872 0.696974866162439 0.6962542644500912 0.6981687981717342 0.6975718321670865 0.6964291117447146 0.6972433501116937 0.689913697280515 0.6896876383989685 0.6826052569831904 0.6864555369603303 0.6830785872801377 0.6802686045515235 0.6797952742545763 0.674205307850417 0.6783540708298806 0.6728365285464986 0.6770365031128853 0.6767168075767075 0.6772625619944318
0.7112332656486265 0.7149599099180662 0.7096172149293075 0.7080523757969115 0.7100393336393316 0.7084744945069357 0.7080523757969115 0.7080523757969115 0.7080523757969115 0.7139408252033946 0.7111096299409263 0.703903612817448 0.707084502669163 0.7073829856714867 0.7047478502374961 0.7119538673609745 0.7032554352258773 0.6954736646316055 0.690553088352871 0.690553088352871 0.6900585455220697 0.6945570030907802 0.6900585455220697 0.6909027829421179 0.6856412985933511 0.6885237054427424 0.6859909931825979 0.6865367476003225 0.6885749170296657 0.6951115440277192 0.6997336373041301 0.6962542644500912 0.6999084845987537 0.6971497134570624 0.6981175865848109 0.6956060868585205 0.6883488581481191 0.6846434264125336 0.6889158250996976 0.6826052569831905 0.6842937318232868 0.6815349606815958 0.6832746471086152 0.6786525538322045 0.6731350115488224 0.6728365285464986 0.6748746979758418 0.6800213331361229 0.6767168075767075
0.7082996472123121 0.7143629439134187 0.7109347826463029 0.7152583929203898 0.7111096299409263 0.7142393082057183 0.7148874857972889 0.712179926242521 0.7124996217786989 0.7080523757969115 0.710615087110125 0.7076302570868874 0.703903612817448 0.703903612817448 0.7096172149293075 0.7118814432401973 0.7056645117783215 0.7007439354995869 0.694876698626958 0.6938576139122864 0.6900585455220697 0.6900585455220697 0.6900585455220697 0.6890906723943212 0.6905106632851626 0.6856412985933511 0.6856412985933511 0.6856412985933511 0.6900885445751385 0.692651255888352 0.6933718576006997 0.6962542644500912 0.6983436454663575 0.6991366712994825 0.6971497134570624 0.6900885445751386 0.6860634173033753 0.6860122057164522 0.6897600625197459 0.6853128165379584 0.6826052569831905 0.6853852406587356 0.6809379946769483 0.6751731809781655 0.6742777319711942 0.6731350115488224 0.6728365285464986 0.6763159014005373 0.6778083164121562
0.706261477782969 0.7100393336393316 0.7111820540617034 0.7177911051805344 0.712972952075646 0.7160302062196607 0.7139408252033946 0.7135187064933705 0.7111096299409263 0.7126232574863992 0.7080523757969115 0.7045005788220955 0.703903612817448 0.7076302570868874 0.703903612817448 0.7081035873838346 0.7063126893698921 0.7026584692212297 0.7004454524972631 0.6960494181023988 0.697264562645548 0.6935379183761087 0.6890906723943212 0.6908303588213406 0.6940112486730559 0.687977951025018 0.6859909931825979 0.6902633918697619 0.6856412985933511 0.6915297479998342 0.6937939763107239 0.6933718576006997 0.6995587900095066 0.6986633410025355 0.6935679174291774 0.6878031037303948 0.6860634173033753 0.6860122057164522 0.6919518667098583 0.6881015867327185 0.6845710022917565 0.6866815958418769 0.6853640281248815 0.6829549515724374 0.6754504514466351 0.6801961804307463 0.6763159014005373 0.6728365285464986 0.6728365285464986
0.7045217913559495 0.7071057152030171 0.7082996472123121 0.7091438846323602 0.7120262914817517 0.7120262914817517 0.7128705289017999 0.7173689864705104 0.7122523503632983 0.7111096299409263 0.712550833365622 0.7102653925208782 0.7090714605115831 0.703903612817448 0.7075066213791872 0.7050975448267429 0.707084502669163 0.7013196889703803 0.6994051552487375 0.6960494181023988 0.7017630202142585 0.6963991126916458 0.6890906723943212 0.689440366983568 0.6931670112530075 0.6896664258651144 0.6862382645979986 0.6859909931825979 0.6859397815956748 0.6856412985933511 0.692301561299105 0.6966251715731921 0.6933718576006997 0.6975206205801636 0.6979939508771106 0.6900885445751386 0.6866091717210997 0.6860122057164522 0.6870312904311238 0.6928473157168296 0.6845710022917565 0.6848694852940803 0.6846946379994566 0.678929824300674 0.6806182991407703 0.6754504514466351 0.6774586218229094 0.6731350115488224 0.674576214973518
0.709071460511583 0.7045217913559495 0.7089690373377369 0.7082996472123121 0.711779020066351 0.7116041727717276 0.711356901356327 0.7190874603636757 0.7177698926466802 0.7168744436397091 0.7215477485030428 0.7173989855235793 0.7111096299409263 0.703903612817448 0.7040784601120713 0.7053448162421436 0.7039548244043711 0.70119605326268 0.7021639263904285 0.7019378675088819 0.6960494181023988 0.6962966895177997 0.6890906723943212 0.6890906723943212 0.6890906723943212 0.6907067231136403 0.6872997743803787 0.6874321966072936 0.6874321966072936 0.6856412985933511 0.6874321966072936 0.693022163011453 0.6933718576006997 0.693742764723801 0.693742764723801 0.6896664258651145 0.6869076547234235 0.689069459860467 0.6860122057164522 0.6911800534105874 0.6861358414241525 0.6845710022917565 0.6858885700087519 0.678929824300674 0.6789298243006741 0.6754504514466351 0.6812876892661951 0.678128011948334 0.674576214973518
0.7104402398155014 0.7097408506370078 0.7045217913559495 0.7087217659223362 0.7082996472123122 0.7072805624976406 0.7099156979316313 0.7171217150551097 0.7212492655007191 0.7233086474639165 0.7217950199184436 0.7201065450783474 0.7100181211054776 0.7108111469386026 0.703903612817448 0.703903612817448 0.7073829856714868 0.70119605326268 0.7024111978058292 0.698087587531742 0.7016393845065583 0.6952051806823508 0.6962966895177997 0.6902846044036163 0.694855486093104 0.6890906723943212 0.6872997743803787 0.6875982573827024 0.6894703660366368 0.6856412985933511 0.691828231002158 0.6874321966072937 0.6946382137307722 0.6949366967330959 0.6973969848724633 0.6979427392901877 0.6913549007052109 0.6869076547234235 0.6900373329882155 0.6860122057164522 0.6850443325887037 0.6845710022917565 0.6887709768581433 0.6840976719948092 0.6754504514466351 0.676593171869007 0.6804222393122927 0.6824516222224212 0.6786013422452813
0.7121287146555978 0.707404198205341 0.7045217913559495 0.7062614777829689 0.7079499526230653 0.7058393590729449 0.7085981302146359 0.7129217404887229 0.7142393082057182 0.7154332402150134 0.7211980539137961 0.7165547481035311 0.7201065450783474 0.714094459964164 0.7108623585255257 0.7055196635367671 0.70119605326268 0.7064151125437383 0.7052211805344433 0.7024111978058292 0.7011448416757569 0.7038524012305248 0.698437282120989 0.6974906215270946 0.6943609432623026 0.6936615540838089 0.6872997743803787 0.6875982573827024 0.6918070184683038 0.6896664258651144 0.6856412985933511 0.6925488327145058 0.6916321711736805 0.6965739599862691 0.6928473157168297 0.6974181974063174 0.6970985018701393 0.689491578570491 0.6879267394380951 0.692199138125259 0.6855900870064281 0.6845710022917565 0.6900885445751385 0.6840976719948092 0.6754504514466351 0.6763459004536064 0.6803710277253697 0.6797228501337991 0.6803410286723007
0.7150623330919121 0.7131690119041236 0.7045217913559495 0.7077026812076647 0.7048202743582733 0.7045217913559495 0.707826316915365 0.7126744690733222 0.7145377912080421 0.712550833365622 0.712550833365622 0.7154332402150133 0.7154332402150133 0.7170492909343326 0.7126020449525451 0.7039548244043711 0.70119605326268 0.701618171972704 0.7019166549750279 0.7024111978058292 0.7016905960934813 0.7019890790958051 0.702709680808153 0.6986333419494666 0.7003730283764861 0.6943609432623027 0.6939088254992096 0.6872997743803787 0.6910776302367413 0.6897176374520375 0.6894191544497137 0.6856412985933511 0.6893679428627908 0.6893679428627908 0.6893679428627908 0.6939388245522784 0.697396984872463 0.6932694344268537 0.6930945871322303 0.6917045952944576 0.6869076547234235 0.6900373329882155 0.6845710022917565 0.6826564685701135 0.6754504514466351 0.6770152905790311 0.6763459004536064 0.6808143589692479 0.6792495198368519
0.7123247744840755 0.7065599607852927 0.7096896390500848 0.7045217913559495 0.7045217913559495 0.7096896390500848 0.7045217913559495 0.7104614523493556 0.712550833365622 0.7134462823725932 0.712550833365622 0.7136935537879939 0.7168744436397091 0.7154332402150134 0.7153608160942361 0.7095447908085304 0.7024624093927523 0.70119605326268 0.7046754261167189 0.7019166549750279 0.7043981556482493 0.700373028376486 0.700373028376486 0.6999509096664618 0.6986333419494666 0.6955036636846746 0.6928685282506839 0.6872997743803787 0.6877731046773259 0.6936191290161005 0.6942885191415252 0.6856412985933511 0.687555832314994 0.6900885445751385 0.6925488327145058 0.6893679428627908 0.6958533582739214 0.6912824765844336 0.6903870275774624 0.6889458241527667 0.6941136718469019 0.6889458241527667 0.6872061377257472 0.6834282818693845 0.6754504514466351 0.6754504514466351 0.6812152651454179 0.6804222393122927 0.6810616303846486
0.712550833365622 0.7123247744840755 0.710636299643979 0.7124996217786989 0.7096172149293074 0.7058905706598679 0.7045217913559495 0.7048714859451963 0.7140132493241718 0.7163286892219846 0.7134462823725931 0.712550833365622 0.7150623330919123 0.7150623330919123 0.714938697384212 0.71379597696184 0.7055196635367671 0.707084502669163 0.70119605326268 0.7059417822467912 0.7014433246780807 0.700373028376486 0.7057669349521677 0.7048714859451964 0.6999509096664619 0.6965227483993461 0.6945570030907803 0.6872997743803787 0.6884424948027507 0.6918494435360123 0.6884000697350422 0.6856412985933511 0.6856412985933511 0.6872061377257471 0.6886985527373659 0.6923739854198825 0.6872061377257472 0.6938151888445782 0.6920030782967813 0.6901397561620616 0.6900161204543613 0.6939388245522784 0.68871976527122 0.6800725447230459 0.6770152905790311 0.6754504514466351 0.6773137735813549 0.6830061631593604 0.6815137481477416
0.7080311632630572 0.7112632647016953 0.7138984001356861 0.714567790261111 0.713292647611824 0.7087217659223363 0.7045217913559495 0.7081247999176887 0.7093187319269837 0.7169980793474092 0.7162262660481384 0.7104614523493556 0.716051418753515 0.7104614523493556 0.7104614523493556 0.7099669095185545 0.708649341801559 0.7095447908085304 0.7073829856714868 0.70119605326268 0.7024111978058292 0.700373028376486 0.7021127148035053 0.705468451949844 0.7023599862189062 0.6989318249517904 0.694855486093104 0.6917470203621661 0.6872997743803787 0.6930645880791614 0.6917045952944576 0.6872061377257471 0.6856412985933511 0.6856412985933511 0.6893679428627907 0.6856412985933511 0.6889458241527667 0.6872061377257472 0.690263391869762 0.6908603578744094 0.6909839935821099 0.6900161204543612 0.687977951025018 0.6822343498600895 0.6788061885929737 0.6780343752937027 0.6754504514466351 0.6801961804307463 0.6771901378736546
0.7051487564136658 0.7077838918476564 0.7115105361170961 0.714269307258787 0.7115105361170961 0.7093487309800526 0.7065087491983696 0.7045217913559495 0.7075278339130412 0.709792062223931 0.7102866050547323 0.7085981302146359 0.7094423676346842 0.7094423676346842 0.7129941646095002 0.7099669095185545 0.7112332656486267 0.7063639009568153 0.7029357396896995 0.7033578583997236 0.7011960532626801 0.7010424185019108 0.7003730283764861 0.7062614777829691 0.7075278339130414 0.6988806133648673 0.6965439609332004 0.6907791472344176 0.6872997743803787 0.6910264186498182 0.6947318503854035 0.6923439863668136 0.69018218122977 0.6857349352479827 0.6856412985933511 0.6902121802828389 0.6856412985933512 0.6869076547234235 0.6897176374520376 0.6971709259909166 0.6963266885708683 0.6944633664361487 0.6880503751457954 0.6808443580223169 0.6816373838554419 0.6767680191636305 0.6810404178507944 0.6754504514466351 0.6812152651454179
0.7071869258430089 0.7093487309800526 0.7077838918476566 0.7080311632630573 0.7071869258430091 0.7092975193931296 0.710955995180157 0.7060866304883455 0.7045217913559495 0.7045217913559495 0.7045217913559495 0.7088454016300366 0.7100905452262547 0.7102866050547323 0.7094423676346842 0.7094423676346842 0.7072593499637866 0.7029357396896995 0.7030593753973998 0.7036563414020472 0.7020402906827283 0.7010424185019108 0.7003730283764861 0.7024111978058293 0.7045005788220955 0.6996524266641382 0.6968936555224472 0.6934142826684083 0.692467622074514 0.6872997743803787 0.6934867067891856 0.6923439863668136 0.690953994529041 0.6857349352479827 0.6927661050768377 0.6908091462874865 0.6883488581481192 0.6856412985933512 0.6889458241527667 0.693793976310724 0.696872442988593 0.6963266885708683 0.6925488327145057 0.683974036287109 0.6767680191636305 0.6774886208759783 0.6754504514466351 0.6795992144260987 0.6770665021659542
0.7031105869843226 0.7031105869843226 0.708700553388482 0.7051487564136659 0.7060654179544913 0.7060654179544913 0.7060654179544913 0.7060654179544913 0.7052936046552205 0.7081760115046118 0.7045217913559495 0.7094423676346842 0.7100905452262547 0.7108111469386026 0.7111308424747805 0.7094423676346842 0.7059929938337143 0.707805104381511 0.7029357396896996 0.7020402906827283 0.7025860451004527 0.7069820794953169 0.7033790709335778 0.7003730283764861 0.7016905960934814 0.6973669858193943 0.6994775793695148 0.6986333419494666 0.6974906215270947 0.6920455033644898 0.6872997743803787 0.6872997743803787 0.6857349352479827 0.6872997743803787 0.6898112741066691 0.692467622074514 0.692147926538336 0.6875982573827025 0.6856412985933512 0.6893679428627908 0.6969236545755161 0.6972221375778398 0.6978403161163413 0.6848694852940802 0.6786313412983502 0.6767680191636305 0.6754504514466351 0.6767680191636305 0.6771901378736546
0.7082060105576805 0.7068884428406852 0.7031105869843227 0.7045517904090184 0.7109859942332258 0.7061166295414144 0.7088241890961823 0.7062402652491148 0.7055408760706211 0.7052936046552205 0.7049439100659736 0.7045217913559495 0.7068584437876165 0.7068584437876165 0.7127468931940996 0.7103378166416554 0.7092975193931298 0.7059929938337143 0.7094723666877533 0.708947824803883 0.7020402906827283 0.7072081383768636 0.7013921130911577 0.7003730283764861 0.705890570659868 0.6988081892440899 0.6973669858193944 0.7015157487988579 0.7033790709335778 0.6934142826684083 0.6916233846544657 0.6923951979537367 0.6857349352479827 0.6874234100880791 0.6874746216750022 0.6884424948027507 0.6929409523714611 0.6860334182503065 0.6908603578744096 0.6856412985933512 0.6908603578744096 0.6929497388906759 0.693742764723801 0.6867840190157231 0.6841488835817323 0.6805458750199931 0.6787549770060506 0.6754504514466351 0.6789298243006741
0.708700553388482 0.7083296462653809 0.7031105869843227 0.7065899598383616 0.7061678411283374 0.707135714256086 0.7062914768360379 0.7099669095185542 0.7079799516761341 0.7055408760706211 0.7050675457736739 0.7045217913559495 0.7082996472123122 0.7091950962192834 0.7057157233652446 0.7123247744840755 0.708969037337737 0.7074341972584101 0.7077326802607338 0.7077326802607338 0.708947824803883 0.7020402906827283 0.7053448162421437 0.7026584692212299 0.7003730283764861 0.7000745453741624 0.6973669858193944 0.7022363505112058 0.6986845535363897 0.6956997235131521 0.6925188336614371 0.6955760878054519 0.6895852152251225 0.6857349352479827 0.687001291378055 0.6860334182503065 0.6860334182503065 0.6914573238790571 0.6884000697350423 0.6856412985933512 0.6884000697350423 0.6891206714473901 0.6891206714473901 0.6942885191415255 0.6866603833080227 0.6857137227141283 0.6795267903053215 0.676593171869007 0.6754504514466351
0.7127768922471683 0.7112632647016954 0.7092975193931296 0.7031105869843227 0.7068884428406853 0.7061678411283375 0.7112632647016954 0.7115105361170961 0.7095960023954533 0.7089266122700285 0.7093911560477609 0.707826316915365 0.7045217913559495 0.7045217913559495 0.7045217913559495 0.7045217913559495 0.7071057152030171 0.7124484101917758 0.7122311378294442 0.7087517649754055 0.7040784601120715 0.707805104381511 0.7037799771097477 0.7032554352258774 0.7032554352258774 0.7014433246780808 0.701515748798858 0.6973669858193944 0.6976866813555722 0.6925188336614371 0.6955248762185288 0.6943309442092338 0.6922927747798906 0.6884424948027507 0.6857349352479828 0.6912012659444418 0.6930645880791615 0.68713371360497 0.6862382645979987 0.6856412985933512 0.6890482473266129 0.6919306541760043 0.6953588154431201 0.6891206714473902 0.6881015867327185 0.6893167312758676 0.6806695107276934 0.6808955696092399 0.6797016375999448
0.7129517395417918 0.7128281038340916 0.710666298697048 0.704428154701318 0.7031105869843227 0.7031105869843227 0.707135714256086 0.7088754006831054 0.7089266122700285 0.7109859942332258 0.7109859942332258 0.7147126385026655 0.7113056897694039 0.704696638650573 0.7096172149293075 0.706261477782969 0.7045217913559495 0.7068072322006934 0.7074766223261183 0.7061166295414147 0.7069608669614629 0.7142693072587875 0.7117578075324971 0.7104102407624328 0.7048202743582734 0.7084232829200127 0.7085257060938588 0.6994775793695148 0.6925188336614371 0.6932394353737849 0.6982836473602198 0.6997248507849154 0.6975630456478719 0.6929409523714611 0.6857349352479828 0.6857349352479828 0.6883188590950504 0.6915809595867574 0.6862382645979987 0.6856412985933512 0.6911588408767333 0.689048247326613 0.6927748915960524 0.692651255888352 0.6901909677489847 0.6927024674752749 0.6857649343010513 0.6822131373262353 0.6784352814698726
