example/CMTC.asc
ncols 256
nrows 256
xllcorner 0
yllcorner 0
cellsize 1
NODATA_value -9999
[rows 44 to 65 of 256, columns 0 to 48 of 256]
0.7315725348743508 0.7338579757190947 0.7324891964151762 0.729658001152708 0.729658001152708 0.7241704579223948 0.7208147207760562 0.7185804915182353 0.7133826447710313 0.7076178310722485 0.7065987463575769 0.709408729086191 0.7115193226363116 0.7171092890404708 0.7170156523858394 0.7163674747942689 0.7229553133792456 0.7161414159127223 0.7124147716432828 0.7133102206502541 0.7122911359355825 0.7105514495085631 0.7064026865290993 0.7028333165158537 0.7028333165158537 0.7045217913559501 0.7024836219266068 0.6996012150772154 0.7016393845065586 0.6975630456478722 0.6969660796432248 0.6981600116525197 0.6991790963671913 0.691201265944442 0.6893379438097222 0.6901821812297704 0.6934354952022627 0.6954736646316059 0.6963179020516541 0.6943309442092339 0.6937851897915095 0.6896364268120458 0.690480664232094 0.6878967403850264 0.6856837236610597 0.6838204015263399 0.6836967658186397 0.6814113249738958 0.6804646643800015
0.7349494845545436 0.7319434419974519 0.7319434419974519 0.731222840285104 0.7315001107535735 0.7307070849204484 0.7233986446231238 0.7158941444973217 0.7104278138008626 0.7098308477962151 0.7065987463575769 0.7087393389607664 0.709408729086191 0.712116288640959 0.7174589836297178 0.7163674747942689 0.7221835000799747 0.7149262713695732 0.7149986954903504 0.7124147716432828 0.7122911359355825 0.7105514495085631 0.7104278138008626 0.7032217966773842 0.705715723365245 0.706487536664516 0.7069820794953173 0.7036775539359018 0.7020615032165828 0.6975630456478722 0.6969660796432248 0.6981600116525197 0.7022363505112061 0.6940112486730562 0.689636426812046 0.6893379438097222 0.6948766986269583 0.6934354952022627 0.6934354952022627 0.6934354952022627 0.6934354952022627 0.6901821812297703 0.6896364268120458 0.6896364268120458 0.6894615795174224 0.6890394608073983 0.6865791726680311 0.6846134273594651 0.6879479519719495
-9999.0 0.7391494591209302 0.7368640182761863 0.7319434419974518 0.731222840285104 0.7263834746463613 0.7228016786184762 0.7141544580703022 0.7118178056386353 0.7104278138008626 0.7065987463575769 0.7084620684922968 0.7083896443715195 0.7100056950908386 0.7127132546456065 0.7142780937780027 0.7185292799313123 0.7149262713695732 0.7149986954903504 0.7126620430586834 0.7124147716432827 0.7151223311980507 0.7077202542460947 0.7032217966773842 0.7071569267899408 0.705293604655221 0.705293604655221 0.705293604655221 0.7030805879312544 0.7038736137643794 0.6969660796432248 0.6979851643578964 0.6988081892440903 0.6950303333877277 0.6901821812297704 0.6893379438097222 0.6938364013784326 0.6960494181023992 0.6956272993923751 0.6957509351000755 0.6948042745061811 0.6945057915038573 0.694011248673056 0.6954012405108285 0.6995500034902922 0.6967700198147471 0.6911500543575188 0.6846134273594651 0.6887409778050745
-9999.0 -9999.0 -9999.0 0.735546450559191 0.731222840285104 0.7233986446231238 0.7161926274996454 0.7176338309243411 0.7152971784926742 0.7106750852162633 0.7091826702046445 0.7065987463575769 0.7065987463575769 0.7065987463575769 0.710922356631664 0.7126108314717604 0.7126108314717604 0.7149986954903504 0.7134850679448774 0.7124147716432827 0.7131353733556306 0.7141544580703022 0.7113232628078339 0.7064026865290993 0.7032217966773842 0.7084408559584425 0.7124484101917763 0.7067348080799166 0.7018866559219593 0.699004249072568 0.7024324103396837 0.6969660796432248 0.6969660796432248 0.6945057915038574 0.6901821812297704 0.6893379438097222 0.6903570285243937 0.6923439863668138 0.6923951979537369 0.6948042745061811 0.6944333673830801 0.695153969095428 0.6992003089010453 0.6990042490725676 0.6987057660702439 0.6969660796432244 0.6925188336614372 0.6846134273594651 0.6879691645058036
-9999.0 -9999.0 -9999.0 0.7396527884709463 0.7327664668836458 0.7263834746463613 0.7205162377737324 0.7179835255135879 0.7198768467013767 0.7162950506734918 0.7181795853420655 0.7138047634810554 0.7077926783668719 0.7065987463575769 0.7065987463575769 0.7091314586177215 0.7138771876018326 0.7126108314717604 0.7128881019402299 0.7157705087896213 0.7124147716432827 0.7124147716432827 0.7113232628078339 0.708986610376167 0.7032217966773842 0.7065263222367997 0.7059805678190753 0.7067348080799166 0.7071569267899407 0.7047690627713507 0.70452179135595 0.699004249072568 0.7024836219266067 0.7003730283764863 0.6959469949285532 0.6919218676567899 0.6893379438097221 0.6913249016521422 0.6937851897915095 0.6923951979537369 0.6968936555224474 0.6971409269378481 0.6964927493462774 0.6955248762185289 0.6960194190493303 0.697985164357896 0.6903782410582479 0.6846134273594651 0.6849119103617888
-9999.0 -9999.0 -9999.0 0.7373673476262024 0.7323231356397675 0.7273301352402557 0.718857761986705 0.7232537963815694 0.719578363699053 0.7162950506734918 0.7212156269522263 0.7181071612212883 0.7143293053649256 0.7107987209239637 0.7067223820652774 0.706598746357577 0.7118902297594125 0.7153696026134515 0.7126108314717604 0.71527596595882 0.7166147462096695 0.7137323393602781 0.713310220650254 0.7061042035267756 0.7033454323850845 0.7032217966773842 0.7032217966773842 0.703942398389732 0.7049102715174805 0.7128881019402299 0.7047690627713507 0.7004454524972636 0.7047690627713507 0.7055408760706215 0.7011660542096114 0.6952776048031283 0.6956485119262292 0.6893379438097221 0.6932394353737851 0.689687638398969 0.6938364013784325 0.6913761132390653 0.6916958087752432 0.6916958087752432 0.6916958087752432 0.6916958087752432 0.6886897662181514 0.6879179529188806 0.6846134273594651
-9999.0 -9999.0 -9999.0 0.7316537455143428 0.72588893181556 0.7245713640985647 0.718857761986705 0.7192798806967291 0.7222859232538209 0.7176850425112643 0.7162950506734916 0.7203413904791091 0.7143293053649256 0.7127856787663839 0.7087605514946206 0.7090590344969442 0.7065987463575769 0.7106750852162633 0.7119414413463356 0.7205886618945098 0.7181071612212883 0.7195483646459838 0.7124447706963516 0.7095111522600371 0.7033454323850845 0.7049614831044035 0.703993609976655 0.7032217966773842 0.7039423983897319 0.7082660086638191 0.7046454270636503 0.702556046047384 0.7026072576343071 0.7057881474860223 0.7004966640841866 0.6952776048031283 0.6954524520977516 0.6937851897915095 0.6893379438097221 0.6893379438097221 0.6893379438097221 0.6920967149514132 0.6938364013784325 0.6934867067891857 0.6984284956017744 0.6934354952022626 0.6891118849281755 0.6872485627934557 0.6846134273594651
-9999.0 -9999.0 0.7353803897837823 0.7310567795096953 0.7252919658109125 0.7218125929568736 0.7217401688360964 0.718857761986705 0.7233562195554154 0.7183544326366891 0.7169644407989164 0.7162950506734916 0.7147002124880267 0.7108499325108868 0.7087605514946206 0.7091826702046445 0.7065987463575769 0.712116288640959 0.7116941699309349 0.7164911105019691 0.7169856533327705 0.7181371602743571 0.7152247543718968 0.7092126692577134 0.7033454323850845 0.7082147970768959 0.7049614831044035 0.7032217966773842 0.7076690426591715 0.7059805678190751 0.7077751053284423 0.702556046047384 0.7035751307620556 0.7046966386505733 0.7024836219266067 0.6952776048031283 0.6969660796432247 0.6913761132390653 0.6951027575085049 0.6898112741066692 0.6893379438097221 0.695524876218529 0.6923951979537368 0.6949791218008045 0.6969660796432245 0.6952263932162052 0.6919942917775669 0.6889370376335522 0.6846134273594651
-9999.0 -9999.0 0.735606448665329 0.7351843299553047 0.7261362032309606 0.7218125929568736 0.7222859232538208 0.720000482409077 0.7188577619867049 0.7208659323629792 0.7206910850683559 0.7169644407989164 0.7151735427849739 0.7145253651934033 0.7087605514946206 0.7140520348964561 0.7110459923393643 0.7065987463575769 0.7094811532069684 0.7112208396339877 0.7112208396339877 0.7141032464833791 0.7119926529332586 0.7076690426591716 0.7033454323850845 0.7063514749421761 0.7095323647938913 0.7042408813920558 0.7032217966773842 0.7089866103761668 0.7084744945069359 0.7073017750314952 0.702556046047384 0.702556046047384 0.6997248507849156 0.6954012405108286 0.6952776048031283 0.6942585200884567 0.6953288163900514 0.6925700452483603 0.6926424693691375 0.6893379438097221 0.6896364268120458 0.6923951979537368 0.6982624348263659 0.6966163850539777 0.6937339782045863 0.6919730792437127 0.6872485627934558
-9999.0 -9999.0 0.7334958551152085 0.7306858723865943 0.7239019739731399 0.7218125929568736 0.7222134991330436 0.7245713640985647 0.7188577619867049 0.7224095589615211 0.7213604751937807 0.717211712214317 0.7193223057644373 0.7119926529332588 0.709306305912345 0.7087605514946205 0.7113956869286111 0.7065987463575769 0.7099544835039154 0.7118178056386352 0.7112208396339877 0.716439898915046 0.7177574666320414 0.7114981101024572 0.7071957123622243 0.7033454323850844 0.7050339072251808 0.7073705596568477 0.7032217966773842 0.7059805678190751 0.7097408506370083 0.7086705543354136 0.7068796563214711 0.7050675457736745 0.7015157487988583 0.69828364736022 0.703379070933578 0.7013409015042348 0.697541833114018 0.6980363759448193 0.6946806387984807 0.693188223786862 0.689337943809722 0.689337943809722 0.6937851897915094 0.6993027320748916 0.6939088254992097 0.6940836727938332 0.6872485627934558
-9999.0 0.7384164313939431 0.7345873639506574 0.7273813468271789 0.7284728556626276 0.7218125929568736 0.7218125929568736 0.7188577619867049 0.720844719829125 0.7200729065298542 0.7200729065298542 0.717211712214317 0.7179835255135879 0.7155444499080749 0.709306305912345 0.709728424622369 0.7079163140745722 0.7065987463575769 0.7065987463575769 0.7081635854899729 0.7139283991887556 0.71487505978265 0.7206910850683557 0.7145765767803262 0.7112208396339876 0.705929356232152 0.7033454323850844 0.7032217966773842 0.7091102460838672 0.70903782196309 0.716840805091216 0.7135187064933709 0.7122011387763756 0.7073317740845642 0.7079287400892116 0.7069308679083941 0.7079499526230656 0.705314817189075 0.6981600116525196 0.6981600116525196 0.6946806387984807 0.6990766731933451 0.6943821557961569 0.6916233846544659 0.689337943809722 0.694804274506181 0.6971921385247711 0.6925912577822144 0.6898836982274464
0.737222499384648 0.7343400925352567 0.7305622366788941 0.7273813468271789 0.7277522539502799 0.722358347374598 0.7242004569754636 0.7240256096808402 0.7188577619867049 0.7193010932305833 0.7193010932305833 0.7174589836297177 0.717211712214317 0.7133826447710313 0.7144741536064801 0.7091102460838673 0.7113956869286111 0.7138047634810554 0.7118178056386352 0.7065987463575769 0.7067223820652772 0.7094299416200451 0.7154420267342285 0.7152247543718967 0.7152247543718967 0.7089866103761668 0.7032217966773842 0.7035202796797079 0.7092850933784907 0.7148026356618727 0.710231753972385 0.7121799262425215 0.7169768668135557 0.7100393336393321 0.707331774084564 0.711975079894829 0.7087217659223366 0.7082484356253894 0.701042418501911 0.7011660542096113 0.6962454779308768 0.6946806387984807 0.6946806387984807 0.6934142826684084 0.6962454779308768 0.689337943809722 0.689337943809722 0.6898836982274464 0.6906042999397943
-9999.0 0.7354316013707055 0.7305622366788941 0.7309843553889181 0.7252919658109127 0.728967398493429 0.722358347374598 0.722358347374598 0.720844719829125 0.7188577619867049 0.7219150161307197 0.7214116867807037 0.7235734919177473 0.7154208142003745 0.7151223311980507 0.7124147716432827 0.7091102460838673 0.71487505978265 0.7124871957640599 0.7067223820652772 0.7065987463575769 0.7067223820652772 0.7084108569053735 0.7138047634810553 0.70903782196309 0.7054348134013507 0.7032217966773842 0.706279050821399 0.7075966185383943 0.7102317539723849 0.7122699234017282 0.7121799262425214 0.7121799262425214 0.7121799262425214 0.707331774084564 0.7115317486509508 0.7108111469386029 0.7071569267899406 0.7048202743582737 0.706189053662192 0.7003730283764863 0.6985097062417664 0.7011448416757571 0.7020615032165826 0.6974906215270948 0.6922203506591135 0.6952776048031283 0.689337943809722 0.6924676220745141
0.7378194653892955 0.7305622366788941 0.7317049571012659 0.7310567795096954 0.7252919658109127 0.7275049825348793 0.7251171185162892 0.727504982534879 0.7268568049433084 0.7205462368268013 0.7188577619867049 0.7188577619867049 0.7213180501260722 0.7188489754674903 0.7154208142003745 0.7108499325108867 0.7091102460838673 0.7131353733556306 0.7107987209239636 0.7112932637547649 0.7068460177729775 0.7065987463575769 0.7067223820652772 0.7132377965294766 0.7060317794059983 0.7067523811183462 0.7032217966773842 0.7089866103761668 0.7090890335500131 0.7090890335500131 0.7159453560842447 0.7195271521121297 0.7176974685259034 0.7135487055464399 0.7122011387763756 0.707331774084564 0.707331774084564 0.7095447908085306 0.7054684519498442 0.7065387482514389 0.7063851134906696 0.6997760623718388 0.6985097062417664 0.7019378675088822 0.6985097062417664 0.6990042490725678 0.69443336738308 0.6937851897915094 0.689337943809722
0.7346385755375805 0.7305622366788941 0.7321994999320673 0.7264346862332846 0.7282980083680044 0.7252919658109126 0.7251171185162892 0.7288949743726518 0.725940143402483 0.7218638045437967 0.7250446943955118 0.7205462368268013 0.7188577619867049 0.7181583728082114 0.7169132292119932 0.7091102460838673 0.7093575174992679 0.7131865849425537 0.7147514240749497 0.7131353733556306 0.7117153824647889 0.7091826702046444 0.7065987463575769 0.710653872682409 0.7060317794059983 0.7058569321113748 0.7032217966773842 0.7111272029793563 0.7098820593831382 0.7090890335500131 0.7102317539723849 0.7153996016665202 0.7209683555368254 0.7184692818251743 0.7195607906606233 0.7107599353516799 0.708474494506936 0.707331774084564 0.7075790454999646 0.7054684519498442 0.7038524012305252 0.7059629947806455 0.6989318249517905 0.6985097062417664 0.7016393845065585 0.6985097062417664 0.7001981810818628 0.699528790956438 0.6951027575085048
0.7346385755375805 0.7320758642243669 0.7277522539502799 0.7299140590873234 0.7264346862332846 0.7273301352402558 0.725415601518613 0.7251171185162891 0.7251171185162891 0.7272789236533327 0.7218638045437967 0.7226568303769217 0.717211712214317 0.7128881019402299 0.7100056950908386 0.713310220650254 0.7091102460838673 0.7118690172255583 0.7162138400334994 0.7184268567574661 0.7121887127617361 0.7122399243486592 0.707020865067601 0.7065987463575769 0.7065987463575769 0.7038187626820317 0.7032217966773842 0.7079675256614952 0.7090890335500131 0.7150286945434192 0.7137111268264238 0.7102317539723849 0.7126920421117522 0.7151735427849736 0.7183032210497656 0.7155568759227141 0.7118302316532746 0.7122523503632986 0.707331774084564 0.7108111469386029 0.7067348080799165 0.7050463332398201 0.7032554352258776 0.7015157487988581 0.6985097062417664 0.6986333419494668 0.7058393590729453 0.7052936046552207 0.7051911814813746
0.7366255333800006 0.7318285928089663 0.7329201016444151 0.7277522539502799 0.7264346862332846 0.7264346862332846 0.7264346862332846 0.725415601518613 0.7257865086417139 0.7251171185162891 0.7256116613470904 0.718405644223612 0.7169644407989163 0.714082033949525 0.7137323393602781 0.7100056950908386 0.7091102460838673 0.7134338563579543 0.7177062550451183 0.7162138400334994 0.7148962723165041 0.7110972039262873 0.7122399243486592 0.7094811532069683 0.7118690172255583 0.71102477980551 0.7086881273738431 0.7032217966773842 0.7079675256614952 0.7134126438241001 0.7131141608217764 0.7102317539723849 0.7112508386870565 0.7139796107756785 0.7139796107756785 0.7142180956718646 0.7142180956718646 0.7138684010826177 0.7130965877833467 0.7144653670872653 0.7108111469386029 0.7122523503632986 0.7081760115046122 0.707331774084564 0.7038524012305252 0.7058393590729453 0.7088241890961827 0.7090202489246603 0.7141368850318724
-9999.0 0.7355552370784059 0.7297904233796231 0.7284728556626278 0.7307582965073716 0.7279271012449033 0.7283492199549274 0.7294619413242303 0.7286689154911052 0.7260849916440376 0.7224819830822984 0.7268055933563855 0.7181583728082114 0.7212880510730034 0.721215626952226 0.7163162632073456 0.7091102460838673 0.7142780937780024 0.7187765513467129 0.7153696026134513 0.7222771367346059 0.7183032210497657 0.717582619337418 0.7118178056386352 0.7135062804787315 0.7201665431844856 0.7129393135271529 0.7049614831044035 0.7032217966773842 0.7089866103761668 0.7102317539723849 0.7102317539723849 0.712990525114076 0.7127132546456063 0.7127132546456063 0.7137323393602779 0.717151714108179 0.7217738073845898 0.7227416805123383 0.721001994085319 0.7165759606373856 0.7180683756490045 0.7153820286280906 0.7120775030686751 0.7096172149293078 0.7153820286280906 0.7148362742103661 0.7134674949064477 0.7090202489246603
0.7381391609254734 0.7333934319413623 0.730511025091971 0.7312528393381729 0.7337643390644633 0.7338879747721636 0.7321482883451441 0.7283704324887815 0.7300376947950237 0.7314788982197193 0.7296880002057768 0.7283492199549273 0.7253643899316898 0.7218850170776508 0.7218338054907277 0.7131865849425537 0.7107262968031864 0.7091102460838673 0.7112208396339876 0.7124871957640599 0.7196932128875383 0.7213092636068574 0.7170880765066164 0.7120650770540359 0.7118178056386352 0.7151735427849737 0.7131141608217764 0.7079675256614952 0.7032217966773842 0.7042408813920558 0.7100056950908384 0.7131141608217764 0.7143080928310713 0.7152971784926739 0.7127132546456063 0.7171605006273937 0.7137323393602779 0.7194971530590607 0.7221447145076909 0.7237607652270099 0.7223407743361684 0.7229377403408158 0.7168232320527863 0.7168232320527863 0.7110584183540035 0.711655384358651 0.7144353680341962 0.7144353680341962 0.7090202489246603
0.7363482629115309 0.7320246526374438 0.7310055679227722 0.7307070849204484 0.7347322121922117 0.7344849407768111 0.7324467713474679 0.7335382801829167 0.7283704324887815 0.7298116359134772 0.7298116359134772 0.7291422457880523 0.7259613559363373 0.7218850170776508 0.723151373207723 0.71487505978265 0.7142780937780024 0.7091102460838673 0.7098308477962151 0.7124871957640599 0.71487505978265 0.7190238227621135 0.7178298907528186 0.7120650770540359 0.7118178056386352 0.7155444499080746 0.7104278138008625 0.7032217966773842 0.7091102460838672 0.7084408559584424 0.7123935591094285 0.7140096098287476 0.7210919912445257 0.7179835255135877 0.715719297202698 0.7127132546456063 0.7139796107756785 0.7186529156390125 0.720865932362979 0.7208783583776185 0.7228653162200386 0.7171729266420331 0.7217438083315209 0.7130965877833467 0.7146102153288196 0.7122735628971527 0.7140644609110952 0.714362943913419 0.7138896136164717
0.7334146444752164 0.7332910087675161 0.7322719240528445 0.7307070849204484 0.7307070849204484 0.7337643390644633 0.7338879747721636 0.734433729189888 0.7286689154911052 0.7283704324887815 0.7283704324887815 0.7329925257651922 0.7268055933563854 0.7261574157648149 0.7217101697830274 0.7187253397597898 0.7138559750679784 0.7126620430586834 0.7091102460838672 0.7124659832302057 0.713732339360278 0.7154720257872974 0.716439898915046 0.7120650770540359 0.711374474394757 0.7098820593831382 0.7069484409468236 0.7094087290861909 0.7032217966773842 0.7065263222367996 0.7113744743947569 0.7159965676711676 0.7194759405252066 0.7258889318155598 0.7239956106277711 0.7171605006273937 0.7127132546456062 0.7127132546456062 0.7175826193374177 0.7196844263683235 0.7231637992223624 0.7208995709114727 0.7151347572126899 0.7156293000434912 0.7149086983311433 0.7122735628971527 0.7160514187535153 0.7171217150551099 0.7182132238905587
0.7343100934821877 0.7334146444752164 0.7347322121922117 0.7319734410505206 0.7307070849204484 0.7327452543497917 0.7378406779231496 0.7359261442015067 0.7286689154911052 0.732148288345144 0.7307070849204483 0.7283704324887814 0.7283704324887814 0.7268055933563854 0.7220086527853511 0.7166147462096694 0.7138559750679784 0.7138559750679784 0.7147002124880265 0.7091102460838672 0.7138559750679784 0.7111484155132104 0.7181795853420654 0.714052034896456 0.7116217458101576 0.7072981355360706 0.7065263222367996 0.7104278138008625 0.705507237522128 0.7032217966773842 0.7061042035267755 0.7147514240749496 0.7146789999541723 0.7181795853420653 0.7233986446231235 0.7217825939038044 0.7137323393602778 0.7147514240749494 0.7127132546456062 0.7217101697830272 0.7196844263683235 0.7192110960713763 0.7204262406145255 0.7176674694728343 0.7143117323264959 0.7160002071665922 0.7122735628971527 0.7137147663218484 0.714384156447273
