example/CMTC.asc
ncols 256
nrows 256
xllcorner 0
yllcorner 0
cellsize 1
NODATA_value -9999
[rows 88 to 109 of 256, columns 49 to 97 of 256]
0.7195483646459835 0.7195483646459835 0.7239956106277708 0.7277522539502795 0.7320458651712974 0.7278458906049106 0.7238207633331473 0.7238207633331473 0.7263534755932918 0.7180771621682187 0.7135787045995082 0.7120138654671122 0.7179023148735953 0.7154932383211511 0.7147426375557343 0.7138984001356861 0.7131777984233383 0.7131777984233383 0.7117878065855657 0.7086793408546278 0.7069396544276083 0.7091526711515748 0.7083296462653809 0.7031105869843226 0.7031105869843226 0.7031105869843225 0.7049014849982651 0.7129517395417917 0.7089778238569515 0.7143717304326332 0.7157529357511913 0.710955995180157 0.7089690373377369 0.7076514696207415 0.703523919175132 0.7114293254771041 0.7087217659223363 0.7052423930682974 0.7027096808081528 0.6988081892440899 0.698087587531742 0.6997760623718384 0.6959982065154757 0.6981088000655962 0.7010936300888337 0.6989830365387133 0.6972433501116938 0.6970472902832162 0.6911800534105872
0.7191262459359595 0.7178086782189642 0.7175614068035635 0.7234498562100465 0.7270016531848627 0.7260849916440373 0.7265283228879152 0.7238207633331473 0.7238207633331473 0.721731382316881 0.7201153315975619 0.7179023148735953 0.7120138654671122 0.7179535264605185 0.7156168740288514 0.7168832301589237 0.7149686964372808 0.7138259760149089 0.7127044681263911 0.7069396544276083 0.7096472139823763 0.7116129592909421 0.7047778492905648 0.7035327056943467 0.7031105869843225 0.7031105869843225 0.7062914768360377 0.7069396544276083 0.7089778238569515 0.71618384098043 0.7208571458437638 0.716473537463539 0.7135399190272246 0.7092675203400606 0.703523919175132 0.7072505634445716 0.7096384274631616 0.7117790200663511 0.7069608669614627 0.7036775539359013 0.7002493926687856 0.7002493926687855 0.6959982065154757 0.6981088000655962 0.6981088000655962 0.7024624093927523 0.7002493926687855 0.6972433501116938 0.6997760623718382
0.7119202288124811 0.7134850679448771 0.7192498816436599 0.7220086527853509 0.7220086527853509 0.7274749834818098 0.7267543817694619 0.7283192209018577 0.724891059634742 0.7286177039041815 0.7241404588693252 0.7222047126138282 0.7137535518941317 0.7120138654671122 0.7126108314717597 0.7147214250218802 0.7149686964372808 0.7172541372820247 0.7096984255692994 0.7069396544276083 0.7134762814256619 0.7102953915739468 0.7059205697129367 0.7035327056943467 0.7034602815735694 0.7071869258430089 0.7031105869843225 0.706415112543738 0.7086793408546278 0.7121587137086666 0.7173777729897249 0.7182644354774815 0.7138384020295484 0.7114505380109583 0.7042445208874799 0.703523919175132 0.7104826648832098 0.7112544781824808 0.7085981302146358 0.7022363505112056 0.7026584692212298 0.7002493926687855 0.6959982065154757 0.7006202997918866 0.6981088000655962 0.7010424185019106 0.7059417822467909 0.7028333165158531 0.6972433501116937
0.7094087290861907 0.714205669657225 0.7217613813699503 0.7260849916440372 0.7254368140524666 0.7220086527853509 0.7264046871802151 0.7264046871802151 0.7269504415979395 0.724891059634742 0.7241404588693252 0.7244901534585719 0.7192198825905907 0.7120138654671122 0.7120138654671122 0.7126108314717597 0.7149686964372808 0.7167595944512234 0.7102229674531697 0.7128281038340913 0.7069396544276083 0.7069396544276083 0.7092250952723521 0.7034602815735694 0.70370755298897 0.7064663241306611 0.7076090445530331 0.7031105869843225 0.7034602815735694 0.7068884428406852 0.709574789861599 0.71233356100329 0.7101117577601088 0.7103590291755094 0.7072505634445716 0.703523919175132 0.7082696481592432 0.7093911560477609 0.7081247999176886 0.7023599862189059 0.7022363505112056 0.7014645372119347 0.6991278847802678 0.6959982065154757 0.6981088000655962 0.7001981810818625 0.7030805879312537 0.7068072322006932 0.7027608923950759
0.7078438899537947 0.7140820339495246 0.7162950506734913 0.7215353224884037 0.7190026102282591 0.7234498562100464 0.729142245788052 0.7292870940296066 0.729534365445007 0.7307795090412249 0.7292658814957519 0.7204138145998857 0.7145977893141798 0.7130329501817838 0.7134550688918079 0.7120138654671122 0.7121375011748126 0.7153183910265277 0.7102229674531697 0.7127344671794601 0.7125296208317676 0.707238137429932 0.7054984510029126 0.7082060105576805 0.7034602815735694 0.7040060359912939 0.704479366288241 0.7031105869843225 0.7063426884229608 0.7034602815735694 0.7105426629893475 0.708009950729203 0.7132414360249009 0.7084444954538666 0.7055620886044752 0.7053872413098518 0.703523919175132 0.7056857243121756 0.704295732474403 0.7078263169153649 0.7030805879312537 0.7046454270636497 0.7014645372119347 0.6994263677825915 0.6959982065154756 0.6991278847802677 0.7001981810818624 0.7015881729196349 0.7034090699866464
0.7072981355360703 0.7101805423854617 0.7164911105019688 0.7170156523858391 0.7203926020660317 0.7190026102282591 0.7247674239270417 0.7329925257651916 0.7315213232874271 0.729534365445007 0.7279183147256879 0.7192710941775138 0.7145977893141798 0.7153696026134508 0.7130329501817838 0.7132802215971845 0.7120138654671122 0.7135274930125851 0.7102229674531697 0.7130029511287148 0.7141968831380098 0.7128281038340913 0.705622086710613 0.7128281038340913 0.7083296462653809 0.7034602815735694 0.7065899598383615 0.7031105869843225 0.7034602815735694 0.7041808832859172 0.7039336118705166 0.708380857852304 0.7120862895878894 0.7170917160020407 0.7142093091526494 0.7076002580338184 0.7101329702939629 0.703523919175132 0.703523919175132 0.703523919175132 0.7030805879312537 0.7065599607852926 0.7065599607852926 0.7042233083536256 0.6962454779308763 0.6959982065154756 0.702010291629659 0.7001981810818623 0.7044493672351722
0.7076690426591713 0.7117453815178577 0.7109011440978095 0.7166659577965923 0.7223795599084518 0.7183544326366885 0.725560449760167 0.7301313314496547 0.7273001361871863 0.7319222294635971 0.7316237464612732 0.7223495608553827 0.7151435437319043 0.7145977893141798 0.7187465522936435 0.7154932383211511 0.711540535170165 0.7102229674531697 0.7116853834117195 0.7116853834117195 0.7130029511287148 0.7113869004093957 0.705622086710613 0.7082572221446036 0.7102441799870237 0.7091014595646519 0.7034090699866463 0.7031105869843225 0.703285434278946 0.7038824002835935 0.704479366288241 0.7039336118705166 0.7125808324186907 0.7209207834453265 0.713714766321848 0.7133650717326011 0.7157529357511911 0.7090414614585141 0.7090414614585141 0.7065811733191468 0.703523919175132 0.7030805879312537 0.7030805879312537 0.7030805879312537 0.7000957579080161 0.6962454779308762 0.6959982065154756 0.6959982065154756 0.6997248507849151
0.7032217966773839 0.7055072375221277 0.7113956869286108 0.717015652385839 0.7171605006273936 0.7154720257872972 0.7209895680706793 0.7229253143261762 0.7229253143261762 0.7229977384469535 0.7229977384469535 0.7198168485952382 0.7203626030129626 0.7183244335836194 0.7145977893141798 0.7145977893141798 0.7119626538801891 0.7102229674531697 0.7109647816993716 0.7102441799870237 0.7164311123958306 0.7128281038340913 0.705622086710613 0.7101205442793235 0.7082572221446036 0.7061678411283373 0.7034090699866463 0.7031105869843225 0.7058693581260136 0.7071869258430089 0.7038824002835935 0.7079587391422799 0.7104702388685703 0.7147850626234428 0.7138384020295484 0.7182344364244126 0.7197268514360314 0.7118726567209823 0.7100605461731857 0.7061590546091228 0.7048414868921273 0.7051399698944512 0.7064363250775922 0.7065599607852926 0.7023599862189058 0.7043469440613259 0.7029569522235533 0.6982836473602194 0.6959982065154756
0.7097072120885144 0.7032217966773839 0.7047866358097798 0.7092850933784903 0.7113956869286108 0.7128368903533064 0.7171605006273936 0.7238419758670016 0.7229253143261761 0.7229253143261761 0.7257565095886445 0.7198168485952382 0.7198168485952382 0.7207122976022093 0.7211344163122335 0.7191474584698133 0.7198892727160153 0.7146702134349571 0.7102229674531697 0.711088417407072 0.7102441799870237 0.7076602561399562 0.7105426629893475 0.705622086710613 0.7071869258430089 0.7040060359912939 0.7031105869843225 0.704850273411342 0.7086793408546277 0.708802976562328 0.7038824002835935 0.7053236037082892 0.7112544781824808 0.7153820286280902 0.7138384020295484 0.7145590037418962 0.7168956561735631 0.7160726312873691 0.7122735628971524 0.7086705543354131 0.7058605716067989 0.70861934274849 0.7051399698944512 0.7051399698944512 0.7083420722800203 0.703626342348978 0.7024836219266062 0.6981600116525191 0.6984072830679198
0.7072981355360703 0.7034690680927845 0.7032217966773839 0.7104278138008623 0.7113956869286108 0.7169132292119929 0.7137323393602778 0.7229253143261762 0.7262298398855918 0.7280207378995341 0.7214328993145575 0.7234710687439005 0.7215565350222576 0.7198168485952382 0.7215053234353345 0.719394729885214 0.7191474584698133 0.7174801961635712 0.7105214504554934 0.7102229674531697 0.7106962977501169 0.7089266122700284 0.7076602561399562 0.705622086710613 0.705622086710613 0.7073105615507093 0.7031105869843225 0.7047266377036416 0.7068884428406852 0.7038824002835935 0.7046754261167185 0.7053236037082892 0.7124571967109903 0.7112544781824808 0.7112544781824808 0.7145590037418962 0.7176162578859109 0.7160726312873691 0.716051418753515 0.712942953022577 0.7058605716067989 0.7078987410361421 0.7076002580338182 0.705191181481374 0.7058605716067989 0.710636299643979 0.7042745199405487 0.7033278593466543 0.6981600116525191
0.7117453815178577 0.7032217966773839 0.7034690680927845 0.7062278392344756 0.7113956869286108 0.7119926529332583 0.7119926529332583 0.7168620176250697 0.7193735173513601 0.7252107551709202 0.7191986700567368 0.7236459160385241 0.7265283228879154 0.7228228911523299 0.7198168485952382 0.7242640945770256 0.7219062296115043 0.7151435437319043 0.7119626538801891 0.7102229674531697 0.7144229420195564 0.7109435691655175 0.7129093144740835 0.7099456969847 0.7113869004093956 0.7078563159684337 0.7035327056943467 0.7031105869843225 0.7031105869843225 0.7065387482514384 0.7038824002835935 0.7053960278290664 0.7114381119963188 0.7141456715510867 0.7144353680341958 0.7112544781824808 0.7142605207395725 0.7138896136164715 0.7170192918812635 0.7174926221782105 0.7100605461731856 0.7058605716067989 0.709041461458514 0.7070032920291708 0.705191181481374 0.7107811478855334 0.7060142063675682 0.7042745199405487 0.7022363505112055
0.7113744743947567 0.7076690426591713 0.7032217966773839 0.7037675510951082 0.7109735682185867 0.7144017294857025 0.7147514240749494 0.7119926529332583 0.7177574666320411 0.7180047380474417 0.7180047380474417 0.7180047380474417 0.7234710687439007 0.7204138145998858 0.7205374503075862 0.7227716795654069 0.7220510778530589 0.7148450607295805 0.713105374302561 0.7102229674531697 0.7102229674531697 0.7102229674531697 0.7161114168596527 0.7150199080242039 0.7156168740288513 0.7116853834117195 0.7078563159684337 0.7101205442793235 0.7061678411283373 0.7031105869843225 0.7061166295414142 0.7038824002835935 0.7082060105576805 0.7144441545534105 0.7141456715510868 0.7164311123958306 0.7112544781824808 0.7112544781824808 0.7112544781824808 0.7138896136164715 0.7130665887302774 0.7058605716067989 0.7072505634445716 0.7058605716067989 0.7066323849060697 0.705191181481374 0.7060142063675682 0.7091950962192833 0.7046966386505727
0.7095835763808142 0.7052599661067271 0.7040660340974321 0.7032217966773839 0.709532364793891 0.7144017294857025 0.7169132292119929 0.7119926529332583 0.713433856357954 0.7175826193374176 0.7214116867807033 0.7184780683443889 0.7180047380474417 0.7247374248739729 0.7205374503075861 0.7205374503075861 0.7205374503075861 0.7191686710036675 0.7187465522936435 0.711540535170165 0.711540535170165 0.7102229674531697 0.7102229674531697 0.7146702134349571 0.7142993063118561 0.7147426375557343 0.7120562905348204 0.7125808324186906 0.7070120785483855 0.7031105869843225 0.7041808832859172 0.7038824002835935 0.7108411459916713 0.7107175102839709 0.711561747704019 0.711561747704019 0.7118090191194197 0.7131690119041236 0.7112544781824808 0.7138896136164714 0.7099369104654853 0.7088666141638906 0.7058605716067989 0.7083932838669434 0.7058605716067988 0.705191181481374 0.708721765922336 0.711881443240197 0.708721765922336
0.7093363049654134 0.708739338960766 0.7047866358097798 0.7032217966773839 0.7046630001020796 0.7077202542460944 0.7106026610954858 0.7149262713695728 0.7134338563579539 0.7134338563579539 0.7167383819173694 0.7181071612212878 0.7180047380474417 0.7218338054907274 0.7206910850683554 0.7265795344748385 0.7262298398855915 0.7245625775793493 0.721731382316881 0.7139496117226092 0.7119626538801891 0.7102229674531697 0.7122611368825129 0.7102229674531697 0.7125596198848366 0.7164098998619765 0.7120562905348204 0.7123547735371442 0.7071869258430089 0.7031105869843225 0.7051487564136657 0.7031105869843225 0.7049739091190423 0.7083296462653809 0.710316604107801 0.7112632647016953 0.7115617477040189 0.715330817041167 0.7112544781824808 0.7112544781824808 0.7120987156025289 0.7173177748835871 0.7121711397233061 0.7058605716067989 0.7107811478855335 0.7113781138901809 0.705191181481374 0.7098132747577849 0.7069820794953167
0.7148238481957265 0.7103041780931619 0.7047866358097798 0.7044881528074561 0.7032217966773839 0.709110246083867 0.7110247798055098 0.7130117376479298 0.7168408050912156 0.7151011186641961 0.7134338563579539 0.7154720257872971 0.713834762534124 0.718158372808211 0.7259101443494138 0.7248186355139649 0.7265071103540612 0.7265071103540612 0.72095956901761 0.7165847471565999 0.7148962723165037 0.7146702134349571 0.7102229674531697 0.7102229674531697 0.7153908151473048 0.7125596198848366 0.7159577820988834 0.7120562905348204 0.7097708496900765 0.7042533074066945 0.7031105869843225 0.7082784346784577 0.7031105869843225 0.7031105869843225 0.7031105869843225 0.7073105615507093 0.7104402398155013 0.7134250698387388 0.7121075021217436 0.7135999171333623 0.7203838155468166 0.7158129338573289 0.718409283719036 0.710184181880886 0.7142093091526492 0.7113056897694037 0.7089178257508136 0.705191181481374 0.705191181481374
0.7174589836297172 0.7121675002278818 0.7088117630815431 0.7047866358097798 0.7050339072251806 0.7032217966773839 0.7065263222367993 0.7094087290861907 0.7104278138008623 0.7107775083901091 0.7149774829564959 0.7134338563579539 0.7123935591094283 0.7152759659588197 0.7187041272259355 0.7197956360613841 0.7197956360613841 0.7223795599084518 0.7192198825905907 0.718149586288996 0.7190450352959672 0.7163374757411993 0.713105374302561 0.7119626538801891 0.7102229674531697 0.7171305015743243 0.7164823239827536 0.7112120531147722 0.7083296462653809 0.7071869258430089 0.710316604107801 0.7071869258430089 0.7054984510029125 0.7051999680005888 0.7031105869843225 0.707238137429932 0.7073105615507093 0.709173883685429 0.7113869004093957 0.7148662732634345 0.714670213434957 0.7156892981496286 0.7161114168596525 0.7187589783082828 0.7137147663218478 0.717688682006688 0.7129941646095 0.7096896390500845 0.7069820794953167
0.7152459669057505 0.7128368903533064 0.7070720766545238 0.7092338817915672 0.7088629746684663 0.7072469239491471 0.7032217966773839 0.703643915387408 0.7046630001020796 0.711869017225558 0.7117965931047806 0.710355389680085 0.7132377965294765 0.7218850170776506 0.7226056187899983 0.7187041272259354 0.7208147207760558 0.7187041272259352 0.7187041272259352 0.718149586288996 0.7182732219966963 0.7171817131612475 0.7188701880013437 0.7193947298852141 0.7171305015743243 0.7102229674531697 0.7125084082979135 0.7182944345305503 0.711088417407072 0.7127044681263911 0.709574789861599 0.7082572221446036 0.7082572221446036 0.7049014849982651 0.7031105869843225 0.7086281292677047 0.7134974939595161 0.7073105615507093 0.7116341718247964 0.7204350271337396 0.7168320185720005 0.7146702134349568 0.7156892981496285 0.7162262660481383 0.718460495305959 0.7204986647353022 0.7200765460252782 0.7127468931940993 0.7104826648832097
0.7213604751937801 0.7172629238012398 0.7107987209239632 0.7070720766545238 0.7070720766545238 0.7085132800792194 0.7050851188121037 0.7032217966773839 0.7050851188121037 0.7089141862553894 0.7106026610954858 0.7074729828306937 0.7142568812441481 0.7193010932305829 0.7220086527853509 0.7218338054907273 0.7187041272259352 0.7187041272259352 0.722132288493051 0.7243365186978028 0.718149586288996 0.7239868241085559 0.718149586288996 0.7222983492684596 0.7197656370083151 0.7125084082979135 0.7102229674531697 0.7139496117226092 0.7168320185720006 0.7143205188457101 0.7110159932862947 0.7095747898615989 0.7082572221446036 0.711510536117096 0.7031105869843225 0.7117578075324966 0.7095747898615989 0.7073105615507093 0.7105938745762704 0.7175014086974252 0.7186441291197971 0.7146702134349568 0.7188189764144205 0.7165335355696767 0.7162262660481383 0.7204986647353022 0.7229377403408154 0.7158765714588914 0.71100720676708
0.7183544326366885 0.7154720257872972 0.7131865849425534 0.712291135935582 0.7103766022139392 0.7070720766545238 0.706402686529099 0.703643915387408 0.7032217966773839 0.7085644916661425 0.7033966439720073 0.7049614831044033 0.7112720512209104 0.7130117376479299 0.7133614322371767 0.7191986700567367 0.7191986700567367 0.7175101952166403 0.7169644407989159 0.7174589836297172 0.7195695771798375 0.7225544072030752 0.7208571458437638 0.718149586288996 0.7191686710036675 0.7167808069850775 0.7153908151473048 0.7102229674531697 0.7136511287202855 0.7157105106834828 0.7152159678526813 0.7095747898615989 0.7121587137086666 0.7074341972584096 0.7031105869843225 0.704850273411342 0.7071357142560858 0.7031105869843225 0.7094211551008297 0.7173777729897248 0.72055866284144 0.7204862387206628 0.7146702134349568 0.7203113914260392 0.717667469472834 0.7162262660481382 0.7195307916075536 0.7150835456257664 0.7147338510365194
0.7194971530590604 0.7183544326366885 0.7232750089154232 0.7163162632073453 0.709110246083867 0.7083896443715191 0.7133102206502536 0.712291135935582 0.7094087290861907 0.7032217966773839 0.7032217966773839 0.7032217966773839 0.705208754519804 0.7072469239491471 0.7158941444973212 0.7172117122143165 0.7169132292119927 0.7117453815178575 0.7117453815178575 0.7157917213234749 0.7123635600563591 0.7161414159127217 0.7195695771798375 0.7155956614949973 0.7159665686180984 0.7136811277733545 0.7133526457179616 0.7122099252955898 0.7102229674531697 0.7147938491426574 0.7176250444051255 0.711139628993995 0.7080311632630572 0.7051487564136657 0.7097196381031534 0.7031105869843225 0.7031105869843225 0.7033578583997232 0.7031105869843225 0.7082784346784577 0.7112632647016953 0.7145677902611108 0.7134762814256619 0.7194671540059911 0.7205498763222252 0.7162262660481382 0.7162262660481382 0.7194071558998534 0.7211980539137959
0.7193223057644369 0.7213516886745651 0.7189938237090443 0.7155656624419285 0.7121587137086668 0.7088541881492514 0.709873272863923 0.7141544580703019 0.7072981355360703 0.7104278138008623 0.7059293562321518 0.7032217966773838 0.7032217966773838 0.708389644371519 0.7105514495085625 0.7103041780931618 0.7117453815178575 0.7153483900795967 0.7156468730819204 0.7117453815178575 0.7131865849425532 0.7123635600563591 0.7123635600563591 0.7123635600563591 0.7123635600563591 0.7123635600563591 0.7133526457179616 0.7170792899874012 0.7147938491426574 0.7102229674531696 0.715092332144981 0.7121075021217436 0.7112632647016953 0.7109135701124485 0.7068884428406852 0.7058693581260136 0.7059929938337139 0.7043045189936176 0.7055196635367668 0.7031105869843225 0.710316604107801 0.7073617731376324 0.7121075021217436 0.7175526202843483 0.7239143999877783 0.719117459416744 0.7170792899874008 0.7177998916997488 0.7217013832638117
0.721752594850735 0.7239143999877786 0.7190450352959672 0.7169556542797011 0.7088541881492514 0.710295391573947 0.7113656878755418 0.7131265868364153 0.7136723412541397 0.7143717304326332 0.7127644662325291 0.7122187118148047 0.7091102460838669 0.7032217966773838 0.7033454323850842 0.7047866358097798 0.7096560005015913 0.7101805423854615 0.7091102460838667 0.7138559750679779 0.716665957796592 0.7131865849425532 0.7190750343490362 0.7194971530590604 0.715071119611127 0.7141032464833785 0.7123635600563591 0.7123635600563591 0.7123635600563591 0.7147726366088033 0.7102229674531695 0.7174289845766479 0.7130029511287148 0.7150923321449809 0.7106662986970478 0.7087517649754049 0.7074341972584096 0.7074341972584096 0.7043045189936176 0.7031105869843225 0.705272392121366 0.7094723666877528 0.7073617731376324 0.7145677902611108 0.717028078400478 0.7199104852498691 0.7170792899874008 0.7191898835375213 0.7177998916997487
